# Created by Octave 4.4.0, Wed Mar 27 06:08:52 2019 CET <lukas@eduroam-hg-dock-1-179.ethz.ch>
# name: results_summary
# type: matrix
# rows: 4
# columns: 750
 100 100 100 100 100 100 100 100 100 100 100 100 100 100 100 100 100 100 100 100 100 100 100 100 100 100 100 100 100 100 100 100 100 100 100 100 100 100 100 100 100 100 100 100 100 100 100 100 100 100 200 200 200 200 200 200 200 200 200 200 200 200 200 200 200 200 200 200 200 200 200 200 200 200 200 200 200 200 200 200 200 200 200 200 200 200 200 200 200 200 200 200 200 200 200 200 200 200 200 200 300 300 300 300 300 300 300 300 300 300 300 300 300 300 300 300 300 300 300 300 300 300 300 300 300 300 300 300 300 300 300 300 300 300 300 300 300 300 300 300 300 300 300 300 300 300 300 300 300 300 400 400 400 400 400 400 400 400 400 400 400 400 400 400 400 400 400 400 400 400 400 400 400 400 400 400 400 400 400 400 400 400 400 400 400 400 400 400 400 400 400 400 400 400 400 400 400 400 400 400 500 500 500 500 500 500 500 500 500 500 500 500 500 500 500 500 500 500 500 500 500 500 500 500 500 500 500 500 500 500 500 500 500 500 500 500 500 500 500 500 500 500 500 500 500 500 500 500 500 500 600 600 600 600 600 600 600 600 600 600 600 600 600 600 600 600 600 600 600 600 600 600 600 600 600 600 600 600 600 600 600 600 600 600 600 600 600 600 600 600 600 600 600 600 600 600 600 600 600 600 700 700 700 700 700 700 700 700 700 700 700 700 700 700 700 700 700 700 700 700 700 700 700 700 700 700 700 700 700 700 700 700 700 700 700 700 700 700 700 700 700 700 700 700 700 700 700 700 700 700 800 800 800 800 800 800 800 800 800 800 800 800 800 800 800 800 800 800 800 800 800 800 800 800 800 800 800 800 800 800 800 800 800 800 800 800 800 800 800 800 800 800 800 800 800 800 800 800 800 800 900 900 900 900 900 900 900 900 900 900 900 900 900 900 900 900 900 900 900 900 900 900 900 900 900 900 900 900 900 900 900 900 900 900 900 900 900 900 900 900 900 900 900 900 900 900 900 900 900 900 1000 1000 1000 1000 1000 1000 1000 1000 1000 1000 1000 1000 1000 1000 1000 1000 1000 1000 1000 1000 1000 1000 1000 1000 1000 1000 1000 1000 1000 1000 1000 1000 1000 1000 1000 1000 1000 1000 1000 1000 1000 1000 1000 1000 1000 1000 1000 1000 1000 1000 1100 1100 1100 1100 1100 1100 1100 1100 1100 1100 1100 1100 1100 1100 1100 1100 1100 1100 1100 1100 1100 1100 1100 1100 1100 1100 1100 1100 1100 1100 1100 1100 1100 1100 1100 1100 1100 1100 1100 1100 1100 1100 1100 1100 1100 1100 1100 1100 1100 1100 1200 1200 1200 1200 1200 1200 1200 1200 1200 1200 1200 1200 1200 1200 1200 1200 1200 1200 1200 1200 1200 1200 1200 1200 1200 1200 1200 1200 1200 1200 1200 1200 1200 1200 1200 1200 1200 1200 1200 1200 1200 1200 1200 1200 1200 1200 1200 1200 1200 1200 1300 1300 1300 1300 1300 1300 1300 1300 1300 1300 1300 1300 1300 1300 1300 1300 1300 1300 1300 1300 1300 1300 1300 1300 1300 1300 1300 1300 1300 1300 1300 1300 1300 1300 1300 1300 1300 1300 1300 1300 1300 1300 1300 1300 1300 1300 1300 1300 1300 1300 1400 1400 1400 1400 1400 1400 1400 1400 1400 1400 1400 1400 1400 1400 1400 1400 1400 1400 1400 1400 1400 1400 1400 1400 1400 1400 1400 1400 1400 1400 1400 1400 1400 1400 1400 1400 1400 1400 1400 1400 1400 1400 1400 1400 1400 1400 1400 1400 1400 1400 1500 1500 1500 1500 1500 1500 1500 1500 1500 1500 1500 1500 1500 1500 1500 1500 1500 1500 1500 1500 1500 1500 1500 1500 1500 1500 1500 1500 1500 1500 1500 1500 1500 1500 1500 1500 1500 1500 1500 1500 1500 1500 1500 1500 1500 1500 1500 1500 1500 1500
 0.049774558602929196 0.10504645033274182 0.041322807828311221 0.044214129544615892 0.009843261350192466 0.032137189852581925 0.092602702022815342 0.011845437608468118 0.019197948765206949 0.036165774245698203 0.023654195156909658 0.049302370782755213 0.14923782300489249 0.10356188030881927 0.10321933025688865 0.42006472732308309 0.019776280624790702 0.036504089717791351 0.033215310034139446 0.12677792427789653 0.090357845528795264 0.03617571162412983 0.035690819795124971 0.15543091356971472 0.10357760742565054 0.14783285863485432 0.042774872393622911 0.1466678762472296 0.059898629134361253 0.092648375152502627 0.05355136832918176 0.028749781189387265 0.041187750645688276 0.08437347705429725 0.056985592129764423 0.18279438212106777 0.034552159653267168 0.027105168109737364 0.038636195259455275 0.076943140144859604 0.4709399358054146 0.04572121869671724 0.031611734449609248 0.089851233220961127 0.017919075605133197 0.018831630459744068 0.03830438088806034 0.030147856802798415 0.056602896725430431 0.040753869804326798 0.0062143864552760917 0.018771503662449365 0.018540140598285598 0.024223396862466696 0.019950270562203283 0.026285471991059239 0.0099291162899348868 0.012266185359954798 0.030807095063827301 0.014424647687622076 0.018989954002333172 0.0087645853225146765 0.017729713289184053 0.0060282779569222553 0.0017146543203069259 0.052440633098870398 0.011501853470070472 0.013656425916712961 0.030609011503034692 0.0026712843853508709 0.0049262260631855225 0.030881549172950471 0.024433940301524331 0.014156332759561994 0.01012860740322784 0.035581701281291067 0.015791667993732213 0.036118315255861483 0.029212902630662309 0.014777070281717238 0.022801786087038502 0.010053847719051536 0.0033197887662486745 0.013259325223232145 0.0077268600596421405 0.0043104707340925067 0.0044881264320670924 0.0082197043292360061 0.0099795606023961904 0.024204387649981722 0.0075664860726636024 0.0022033162759023573 0.028170112318445441 0.0090949092540034623 0.010333955157073802 0.059647366729607666 0.0099189185110231219 0.021041152246090954 0.034323712766424756 0.013321384399234146 0.019547692876983446 0.0032181625666810845 0.0034428276933151521 0.010586452704537236 0.013886269008035981 0.0047286214058227796 0.0064977317722579898 0.0054229708032127793 0.020199708174550079 0.0018542993638666209 0.0039077302806183982 0.0044609110074405539 0.0023632676164930737 0.019546840669815303 0.0094284635906416638 0.0076897675207427667 0.0054588049523627905 0.01232243361719439 0.0035604283604338946 0.0035959808695064117 0.0027501782427200197 0.0048016127534115443 0.011931983278894314 0.012624406747432764 0.0025100968021944227 0.010991713164363549 0.012272237136833272 0.0049634668587368218 0.022564382009805813 0.0089018118650022095 0.0033280153341597929 0.0026787698404930581 0.0099612525486349659 0.0011225368836679697 0.0052886777369864626 0.005757416100924743 0.013811495119918377 0.021634630163996294 0.003559796575116958 0.0075685057613719972 0.0075969943569148693 0.0085882205635599857 0.019998902444994533 0.0077982078894708023 0.0066554921416171024 0.0042039013357827162 0.016126248977585748 0.013511554108074445 0.0041907261048145681 0.0058261055009740737 0.00096439258325123518 0.0015359854796924901 0.0039206085479712828 0.012870671091611859 0.00068804907769872976 0.0013229245767243086 0.0024961756673930447 0.0042376688064496701 0.0033162823681778986 0.0022051709898260165 0.003810698076761486 0.0031247190141665722 0.0052263500153659319 0.0042404220758763649 0.00078703130452686368 0.0019372923026632479 0.0020048009226632203 0.0040879004768403799 0.0054019412302863199 0.0017617528723976748 0.0040973892621257594 0.0042571055121805841 0.003373354032864834 0.0032076806469642943 0.0080379022502684288 0.0058990882698926944 0.0056874655728034072 0.0034642621791629571 0.0024964002520190547 0.0037351548730759358 0.0033306280923209742 0.0046308033480165151 0.0061573169338916189 0.0020074072476160007 0.0072103035686313568 0.0032510623030934018 0.0015916920537384627 0.0017839047398677736 0.003748345236448567 0.0017363803386241568 0.0044813764529367164 0.00093173588132103931 0.00058627328837608376 0.0021409955508922057 0.0026510653269067389 0.0016823135460852315 0.0021216920587303506 0.0038500031895045816 0.0034493163084063235 0.0031697676991190118 0.0014746729269677764 0.0030176735370170643 0.0046608499077652526 0.0019240116805129119 0.0021344055897157808 0.0021723205147457306 0.0015333682222191899 0.0035905189449865144 0.00076055704345283457 0.00087136005829577842 0.0023045373467269754 