# Created by Octave 4.4.0, Tue Mar 26 19:19:39 2019 CET <lukas@eduroam-hg-dock-1-179.ethz.ch>
# name: results_summary
# type: matrix
# rows: 4
# columns: 750
 100 100 100 100 100 100 100 100 100 100 100 100 100 100 100 100 100 100 100 100 100 100 100 100 100 100 100 100 100 100 100 100 100 100 100 100 100 100 100 100 100 100 100 100 100 100 100 100 100 100 200 200 200 200 200 200 200 200 200 200 200 200 200 200 200 200 200 200 200 200 200 200 200 200 200 200 200 200 200 200 200 200 200 200 200 200 200 200 200 200 200 200 200 200 200 200 200 200 200 200 300 300 300 300 300 300 300 300 300 300 300 300 300 300 300 300 300 300 300 300 300 300 300 300 300 300 300 300 300 300 300 300 300 300 300 300 300 300 300 300 300 300 300 300 300 300 300 300 300 300 400 400 400 400 400 400 400 400 400 400 400 400 400 400 400 400 400 400 400 400 400 400 400 400 400 400 400 400 400 400 400 400 400 400 400 400 400 400 400 400 400 400 400 400 400 400 400 400 400 400 500 500 500 500 500 500 500 500 500 500 500 500 500 500 500 500 500 500 500 500 500 500 500 500 500 500 500 500 500 500 500 500 500 500 500 500 500 500 500 500 500 500 500 500 500 500 500 500 500 500 600 600 600 600 600 600 600 600 600 600 600 600 600 600 600 600 600 600 600 600 600 600 600 600 600 600 600 600 600 600 600 600 600 600 600 600 600 600 600 600 600 600 600 600 600 600 600 600 600 600 700 700 700 700 700 700 700 700 700 700 700 700 700 700 700 700 700 700 700 700 700 700 700 700 700 700 700 700 700 700 700 700 700 700 700 700 700 700 700 700 700 700 700 700 700 700 700 700 700 700 800 800 800 800 800 800 800 800 800 800 800 800 800 800 800 800 800 800 800 800 800 800 800 800 800 800 800 800 800 800 800 800 800 800 800 800 800 800 800 800 800 800 800 800 800 800 800 800 800 800 900 900 900 900 900 900 900 900 900 900 900 900 900 900 900 900 900 900 900 900 900 900 900 900 900 900 900 900 900 900 900 900 900 900 900 900 900 900 900 900 900 900 900 900 900 900 900 900 900 900 1000 1000 1000 1000 1000 1000 1000 1000 1000 1000 1000 1000 1000 1000 1000 1000 1000 1000 1000 1000 1000 1000 1000 1000 1000 1000 1000 1000 1000 1000 1000 1000 1000 1000 1000 1000 1000 1000 1000 1000 1000 1000 1000 1000 1000 1000 1000 1000 1000 1000 1100 1100 1100 1100 1100 1100 1100 1100 1100 1100 1100 1100 1100 1100 1100 1100 1100 1100 1100 1100 1100 1100 1100 1100 1100 1100 1100 1100 1100 1100 1100 1100 1100 1100 1100 1100 1100 1100 1100 1100 1100 1100 1100 1100 1100 1100 1100 1100 1100 1100 1200 1200 1200 1200 1200 1200 1200 1200 1200 1200 1200 1200 1200 1200 1200 1200 1200 1200 1200 1200 1200 1200 1200 1200 1200 1200 1200 1200 1200 1200 1200 1200 1200 1200 1200 1200 1200 1200 1200 1200 1200 1200 1200 1200 1200 1200 1200 1200 1200 1200 1300 1300 1300 1300 1300 1300 1300 1300 1300 1300 1300 1300 1300 1300 1300 1300 1300 1300 1300 1300 1300 1300 1300 1300 1300 1300 1300 1300 1300 1300 1300 1300 1300 1300 1300 1300 1300 1300 1300 1300 1300 1300 1300 1300 1300 1300 1300 1300 1300 1300 1400 1400 1400 1400 1400 1400 1400 1400 1400 1400 1400 1400 1400 1400 1400 1400 1400 1400 1400 1400 1400 1400 1400 1400 1400 1400 1400 1400 1400 1400 1400 1400 1400 1400 1400 1400 1400 1400 1400 1400 1400 1400 1400 1400 1400 1400 1400 1400 1400 1400 1500 1500 1500 1500 1500 1500 1500 1500 1500 1500 1500 1500 1500 1500 1500 1500 1500 1500 1500 1500 1500 1500 1500 1500 1500 1500 1500 1500 1500 1500 1500 1500 1500 1500 1500 1500 1500 1500 1500 1500 1500 1500 1500 1500 1500 1500 1500 1500 1500 1500
 13.966728708407096 0.28231275579898607 1189205453.689311 22108.460722841766 140.0580254171862 0.57920635557905331 14.350731610538963 0.6494072923496127 205641.07450532122 0.46005950950482938 763.267834913976 14.091094733162999 375708.34797754459 0.4909661351186379 55.956028807327897 0.61856966534409541 902971728501.23145 5.2532483584572578 2.5491986366299231 10.423765131209901 0.68521339655943125 0.32964764067216679 847117.67110322253 133521061396.30121 1026934.9686292792 0.50853249096219755 65331531970838.156 0.67109777614374311 303881.48328771273 349.20620717709772 0.58813254751911459 0.60190763781532097 379.70934835336664 0.63092766847702098 164986864231487.88 0.53063883729600425 1342223816449663.5 4622365616867.1367 680.09773379040507 3.2701264248597797 74.070214321715426 60317.212419883479 64.867302883091938 948.78587807622796 2.7445633052857472e+21 11693.265393889298 5.9164870731854471 19406.648298794247 1931876.3445956807 14.449413587670394 5635.6971107000381 0.2366164231520419 0.29518926957669389 0.57408058965631092 3.9826074056550147 0.18254788050110124 37.009641733576068 327.39464911954587 1.3158543810582035 19.215249021806585 0.17601139723250669 0.20182650892870463 0.4229586542482453 0.31114162464559636 9.4636971100341629 1.1729564116157007 0.15945570003260662 0.14289910981154869 0.29534810156895325 9.5333445895579363 0.28562067620832726 0.48635836806177229 0.44783247952657568 0.58138454191146938 0.31412509837448044 8.8719682965949698 0.27846140256049029 1.2201512189534753 0.16062476722531524 0.23804969267696727 8.3543401631182519 0.31861250303003325 13.282881029337387 9.7379290985911116 0.36209825234724391 1.9528383206780962 3.8107124146827025 8789.523292814074 0.45296128541413433 0.22652946461682011 0.20395889415283477 2.6244504032742904 2.8014969767675542 0.24660671403752507 137.86555840239117 3.4470060553690378 0.080487376504133165 2.9824832829160703 33.91070688643839 0.2858049661808707 0.35067192941159447 0.058365337065514708 0.40826590040271227 0.099382425658764539 0.3661693610868203 0.23622526510786679 0.12095097767767023 0.13616274007741763 0.56794960559892127 0.32882176753790199 0.16317057531383883 6.405507797628653 0.20341974686953088 0.22029007703909897 0.1948000411095154 0.14839339531192508 0.31926810049877796 0.19322526994969241 0.55957725352879228 0.68028395409340936 0.087783537208987794 0.19809356806792525 0.15108640462896478 0.09837089130692965 0.037433928722141352 0.37563775745264061 0.10716761507244912 0.20427488374658109 3.6224624321569912 0.18668796934896784 0.1301747918685949 0.58057807319681842 0.21648370596108102 0.077560497606647308 0.20209518758281411 0.10911994615924053 28.014881994930946 0.11411821354446382 0.21072674006754011 0.12793233720460001 0.089420284499069871 0.47976039950991312 0.15080045092036029 0.034649085176415226 0.26974836920456519 0.18753227970762879 0.23430212636413525 0.52018641505367214 0.2203675533124296 0.44524477687817848 0.059979804531903075 0.1950837338371727 0.10804258351177996 0.25249136387799043 0.097697341673701754 0.22913800622036479 0.25117415420321365 0.12248510682181898 0.67107504175801802 0.21206915643029953 0.099143534711192513 1.5212391998257768 0.10749959037452575 0.059729417644589576 0.31661915474902314 0.12794578549624769 0.1234872321045332 0.046270189423201505 0.090554364174815841 0.19334252759170806 0.060770726636217756 0.046210174434165328 0.10898203643235101 0.21638029861260344 0.25143269991094419 0.19397407488160759 0.22978968543670411 0.074580296149448749 0.16330220123010131 0.068492982229364799 0.18208747740614237 0.23310970676861631 0.10680331586068227 0.29042924448588325 0.16449404183924229 0.063451403993749336 0.075151347456047776 0.17148645584979988 0.047115731940764058 0.491557301248504 0.092393456128663107 0.41669431455463746 0.48630799130940189 0.24634966801011227 0.08269412749325554 0.076044111889134902 0.02724195658831249 0.31407686792331885 0.25420242427659573 0.30148713299632673 0.085460342442746778 0.07921843578166915 1.6059545273417208 0.020493340966918905 0.097519965202707948 0.21434800426237491 0.27917699760855452 0.095153989084939244 0.039804724464908368 0.021117965776722255 0.046265419760879792 0.15674179359886073 0.066420270713801882 0.051849360823149331 0.067712386581127493 0.081007636789178966 0.011573297097987427 0.071736566422630751 0.16270901911108929 0.0621533465676413 0.053422911110721401 0.030200862491582266 0.21613233138437299 0.067265403478612318 0.1597250427249029 0.12000724889749151 0.057761736332529443 0.22404528403583993 0.050588350165297953 