# Created by Octave 4.4.0, Wed Mar 27 02:16:08 2019 CET <lukas@eduroam-hg-dock-1-179.ethz.ch>
# name: results_summary
# type: matrix
# rows: 4
# columns: 750
 100 100 100 100 100 100 100 100 100 100 100 100 100 100 100 100 100 100 100 100 100 100 100 100 100 100 100 100 100 100 100 100 100 100 100 100 100 100 100 100 100 100 100 100 100 100 100 100 100 100 200 200 200 200 200 200 200 200 200 200 200 200 200 200 200 200 200 200 200 200 200 200 200 200 200 200 200 200 200 200 200 200 200 200 200 200 200 200 200 200 200 200 200 200 200 200 200 200 200 200 300 300 300 300 300 300 300 300 300 300 300 300 300 300 300 300 300 300 300 300 300 300 300 300 300 300 300 300 300 300 300 300 300 300 300 300 300 300 300 300 300 300 300 300 300 300 300 300 300 300 400 400 400 400 400 400 400 400 400 400 400 400 400 400 400 400 400 400 400 400 400 400 400 400 400 400 400 400 400 400 400 400 400 400 400 400 400 400 400 400 400 400 400 400 400 400 400 400 400 400 500 500 500 500 500 500 500 500 500 500 500 500 500 500 500 500 500 500 500 500 500 500 500 500 500 500 500 500 500 500 500 500 500 500 500 500 500 500 500 500 500 500 500 500 500 500 500 500 500 500 600 600 600 600 600 600 600 600 600 600 600 600 600 600 600 600 600 600 600 600 600 600 600 600 600 600 600 600 600 600 600 600 600 600 600 600 600 600 600 600 600 600 600 600 600 600 600 600 600 600 700 700 700 700 700 700 700 700 700 700 700 700 700 700 700 700 700 700 700 700 700 700 700 700 700 700 700 700 700 700 700 700 700 700 700 700 700 700 700 700 700 700 700 700 700 700 700 700 700 700 800 800 800 800 800 800 800 800 800 800 800 800 800 800 800 800 800 800 800 800 800 800 800 800 800 800 800 800 800 800 800 800 800 800 800 800 800 800 800 800 800 800 800 800 800 800 800 800 800 800 900 900 900 900 900 900 900 900 900 900 900 900 900 900 900 900 900 900 900 900 900 900 900 900 900 900 900 900 900 900 900 900 900 900 900 900 900 900 900 900 900 900 900 900 900 900 900 900 900 900 1000 1000 1000 1000 1000 1000 1000 1000 1000 1000 1000 1000 1000 1000 1000 1000 1000 1000 1000 1000 1000 1000 1000 1000 1000 1000 1000 1000 1000 1000 1000 1000 1000 1000 1000 1000 1000 1000 1000 1000 1000 1000 1000 1000 1000 1000 1000 1000 1000 1000 1100 1100 1100 1100 1100 1100 1100 1100 1100 1100 1100 1100 1100 1100 1100 1100 1100 1100 1100 1100 1100 1100 1100 1100 1100 1100 1100 1100 1100 1100 1100 1100 1100 1100 1100 1100 1100 1100 1100 1100 1100 1100 1100 1100 1100 1100 1100 1100 1100 1100 1200 1200 1200 1200 1200 1200 1200 1200 1200 1200 1200 1200 1200 1200 1200 1200 1200 1200 1200 1200 1200 1200 1200 1200 1200 1200 1200 1200 1200 1200 1200 1200 1200 1200 1200 1200 1200 1200 1200 1200 1200 1200 1200 1200 1200 1200 1200 1200 1200 1200 1300 1300 1300 1300 1300 1300 1300 1300 1300 1300 1300 1300 1300 1300 1300 1300 1300 1300 1300 1300 1300 1300 1300 1300 1300 1300 1300 1300 1300 1300 1300 1300 1300 1300 1300 1300 1300 1300 1300 1300 1300 1300 1300 1300 1300 1300 1300 1300 1300 1300 1400 1400 1400 1400 1400 1400 1400 1400 1400 1400 1400 1400 1400 1400 1400 1400 1400 1400 1400 1400 1400 1400 1400 1400 1400 1400 1400 1400 1400 1400 1400 1400 1400 1400 1400 1400 1400 1400 1400 1400 1400 1400 1400 1400 1400 1400 1400 1400 1400 1400 1500 1500 1500 1500 1500 1500 1500 1500 1500 1500 1500 1500 1500 1500 1500 1500 1500 1500 1500 1500 1500 1500 1500 1500 1500 1500 1500 1500 1500 1500 1500 1500 1500 1500 1500 1500 1500 1500 1500 1500 1500 1500 1500 1500 1500 1500 1500 1500 1500 1500
 0.33961141949184137 693344.62409403909 9.759637965962991 0.031520430751089068 1.9666889190976617 17.15484499001278 0.1509415432356668 275.10456350635849 0.33641622682817146 0.41861934610472912 0.34062911325447093 56.42334355977134 0.18611005812753761 1.3198765155808136 0.73282223731762708 6.3768974367436533 0.17906673695119843 0.1773178965355808 0.008496937468177531 0.34293166871624392 0.22410848594460478 174.50765115816858 0.16267166605196376 0.48470544217444439 1.5695300758235842 6.1405026165313705 0.56749506040423892 6.7408066233428805 0.18406185899522073 0.14960539149862023 0.078424386836340149 5.7006098536163234 8.7502284246092383 0.63409639708037258 0.14253435218384833 0.20655613054697311 0.44878856272165113 0.63339356781148815 2.1605022627607102 14403.188921742265 0.25801438448454067 59.289686315175075 1.1170270443580768 94.107165887372133 0.075475811767415218 0.42496854993007971 0.096926807413743904 0.56945917197240581 17.491442572637968 0.068130366567075537 0.030636598670162767 0.10419395397630414 0.031710099335596924 0.072426495470759369 0.12208555557440158 0.079250516594876752 0.025604831741434377 0.12439204080856903 0.061017998787762324 0.044114038169365266 0.12621289741658914 0.21748461074320552 0.30775360508162591 0.43547811544531562 0.082434308492093475 0.080584670150723223 0.1847295533058449 0.0067620425131500426 0.19552255176157488 0.093859642252517431 0.15022440532291614 0.046552102759670123 0.072431099091869081 0.16186396487957144 0.19990000683143394 0.074578980468936018 0.22281370031122938 0.1126502626099054 0.10764899190749901 0.26825165931783862 0.01718347806938866 0.065100110068466777 0.28071311600333798 0.030265864111592888 0.08285097430260506 0.13945379844004449 0.072829534524094575 0.026341982066197304 0.23439173253601334 0.031601132552969403 0.30001288105347879 0.28842350761516955 0.12898102314671503 0.025472550859062148 0.013917331854360117 0.067114283887310541 0.15092787889127221 0.043647937030775845 0.10696537711750052 0.074682124921899545 0.11867683595075393 0.028352095564918824 0.0278179862884467 0.037394836279371561 0.022635287375955361 0.058348952134517157 0.012080457663432225 0.073868880605579987 0.024423175384565943 0.12345542853918713 0.035406097907520334 0.21134823207313952 0.044214865828178788 0.056683371021215352 0.044241324781245345 0.032973511813461642 0.079595467663149386 0.11842262273128858 0.17643559841652212 0.023017544779123569 0.031811182235672239 0.010150628268183389 0.065173635886318207 0.12830713066495075 0.22516712408307094 0.099344375709709498 0.065629735213478757 0.010611174120774409 0.072891163181156723 0.062524776593027603 0.28910453907054268 0.050455431805781291 0.14471309165361557 0.033684445039778972 0.023812610467317769 0.036195579126343996 0.22777590262103956 0.06115984660638462 0.027100997606579354 0.045224524958694744 0.04656343444411587 0.13062225665300864 0.055221637661946904 0.0084908838467547768 0.032717789574363665 0.029621426136954277 0.011739918429027553 0.024163403573128836 0.031369708529251979 0.083366121449356748 0.017935106190304469 0.034263963011257746 0.0089689588855686748 0.0098685338616437187 0.011094229469537522 0.13254677525397737 0.032608206905772222 0.022243969151984906 0.042289061436012236 0.022963094270182425 0.036120337930748564 0.029261963677039985 0.076002131870205838 0.0047618240762440098 0.046812993751254063 0.035220005929741428 0.01235961105671734 0.0076946170350323711 0.012380576437589701 0.027974381805707511 0.014953754660229317 0.06310712265102425 0.10156184914256014 0.0081464502374561949 0.032508474088172618 0.019953701165521934 0.035701948990164163 0.006806808501222136 0.021030514483283629 0.039204470702969611 0.01074697498034996 0.015778269985258869 0.024101626173668782 0.0059379767308379667 0.012335039063691532 0.0068854420179886517 0.0041870264139478525 0.020213136467397166 0.01374579542757407 0.021089371413761455 0.037930419220351126 0.048710192163200626 0.11586959381178415 0.0060401592031051792 0.0030994769248808103 0.0083853845585747933 0.014337783357947479 0.01206042793919624 0.0073485540643837693 0.0079526948484604943 0.0076439561821171516 0.007120108069952163 0.018005959863257936 0.011162476937241761 0.015689267176941652 0.0076511485807536691 0.014028760795195829 0.0038540697341733041 0.060519880510128951 0.046688649703300916 0.019102112751574508 0.013996532373423817 0.016133636701905717 0.021687860967516067 0.0037955056841870237 0.038528893316836441 0.014382946784937281 0.025424539551778275 0.019376739005372037 0.011548369184871737 0.037121429765010421 