# Created by Octave 4.4.0, Wed Mar 27 04:20:53 2019 CET <lukas@eduroam-hg-dock-1-179.ethz.ch>
# name: results_summary
# type: matrix
# rows: 4
# columns: 750
 100 100 100 100 100 100 100 100 100 100 100 100 100 100 100 100 100 100 100 100 100 100 100 100 100 100 100 100 100 100 100 100 100 100 100 100 100 100 100 100 100 100 100 100 100 100 100 100 100 100 200 200 200 200 200 200 200 200 200 200 200 200 200 200 200 200 200 200 200 200 200 200 200 200 200 200 200 200 200 200 200 200 200 200 200 200 200 200 200 200 200 200 200 200 200 200 200 200 200 200 300 300 300 300 300 300 300 300 300 300 300 300 300 300 300 300 300 300 300 300 300 300 300 300 300 300 300 300 300 300 300 300 300 300 300 300 300 300 300 300 300 300 300 300 300 300 300 300 300 300 400 400 400 400 400 400 400 400 400 400 400 400 400 400 400 400 400 400 400 400 400 400 400 400 400 400 400 400 400 400 400 400 400 400 400 400 400 400 400 400 400 400 400 400 400 400 400 400 400 400 500 500 500 500 500 500 500 500 500 500 500 500 500 500 500 500 500 500 500 500 500 500 500 500 500 500 500 500 500 500 500 500 500 500 500 500 500 500 500 500 500 500 500 500 500 500 500 500 500 500 600 600 600 600 600 600 600 600 600 600 600 600 600 600 600 600 600 600 600 600 600 600 600 600 600 600 600 600 600 600 600 600 600 600 600 600 600 600 600 600 600 600 600 600 600 600 600 600 600 600 700 700 700 700 700 700 700 700 700 700 700 700 700 700 700 700 700 700 700 700 700 700 700 700 700 700 700 700 700 700 700 700 700 700 700 700 700 700 700 700 700 700 700 700 700 700 700 700 700 700 800 800 800 800 800 800 800 800 800 800 800 800 800 800 800 800 800 800 800 800 800 800 800 800 800 800 800 800 800 800 800 800 800 800 800 800 800 800 800 800 800 800 800 800 800 800 800 800 800 800 900 900 900 900 900 900 900 900 900 900 900 900 900 900 900 900 900 900 900 900 900 900 900 900 900 900 900 900 900 900 900 900 900 900 900 900 900 900 900 900 900 900 900 900 900 900 900 900 900 900 1000 1000 1000 1000 1000 1000 1000 1000 1000 1000 1000 1000 1000 1000 1000 1000 1000 1000 1000 1000 1000 1000 1000 1000 1000 1000 1000 1000 1000 1000 1000 1000 1000 1000 1000 1000 1000 1000 1000 1000 1000 1000 1000 1000 1000 1000 1000 1000 1000 1000 1100 1100 1100 1100 1100 1100 1100 1100 1100 1100 1100 1100 1100 1100 1100 1100 1100 1100 1100 1100 1100 1100 1100 1100 1100 1100 1100 1100 1100 1100 1100 1100 1100 1100 1100 1100 1100 1100 1100 1100 1100 1100 1100 1100 1100 1100 1100 1100 1100 1100 1200 1200 1200 1200 1200 1200 1200 1200 1200 1200 1200 1200 1200 1200 1200 1200 1200 1200 1200 1200 1200 1200 1200 1200 1200 1200 1200 1200 1200 1200 1200 1200 1200 1200 1200 1200 1200 1200 1200 1200 1200 1200 1200 1200 1200 1200 1200 1200 1200 1200 1300 1300 1300 1300 1300 1300 1300 1300 1300 1300 1300 1300 1300 1300 1300 1300 1300 1300 1300 1300 1300 1300 1300 1300 1300 1300 1300 1300 1300 1300 1300 1300 1300 1300 1300 1300 1300 1300 1300 1300 1300 1300 1300 1300 1300 1300 1300 1300 1300 1300 1400 1400 1400 1400 1400 1400 1400 1400 1400 1400 1400 1400 1400 1400 1400 1400 1400 1400 1400 1400 1400 1400 1400 1400 1400 1400 1400 1400 1400 1400 1400 1400 1400 1400 1400 1400 1400 1400 1400 1400 1400 1400 1400 1400 1400 1400 1400 1400 1400 1400 1500 1500 1500 1500 1500 1500 1500 1500 1500 1500 1500 1500 1500 1500 1500 1500 1500 1500 1500 1500 1500 1500 1500 1500 1500 1500 1500 1500 1500 1500 1500 1500 1500 1500 1500 1500 1500 1500 1500 1500 1500 1500 1500 1500 1500 1500 1500 1500 1500 1500
 0.052763418390666034 0.32939201273832375 0.5547368737449716 0.73080096934166283 0.13268493343294932 2.1488515663578793 390048.96310789336 3.6140254253538089 0.36393865622789717 0.11198154579524418 0.17752534273443071 0.19945913584658376 13175542.747809011 0.076173923192848242 0.67202329994157239 0.037663040947925053 0.079635894975619403 0.77611089997356131 0.25212349600637429 0.091123033633409706 0.33543561574178782 0.78911108066341273 0.28990337691031182 0.59590657629299282 0.58353928528680366 0.55612573004987198 0.22083117344756609 0.22586974912265248 67.795410462517751 2.1464110256307061 0.99848464886108523 0.53653618538326309 0.81319925259892123 0.30571804223116389 1.9587649398995066 61.764399208091298 4.7287689984497909 0.41120267476342659 3.0319788032008206 0.72364311525171132 1.6710883769561518 17655.99915236079 0.81406175158119698 2.7370130118895202 0.51020686397875759 0.68001252655568967 0.81864514601930993 2.289617128729954 0.71783104996103031 0.39318643298775807 0.04600870745456459 0.16225941809617367 0.13494823746065809 0.45622945972518009 0.099989412262489794 0.1170577214134681 0.26182118082359612 0.17202607845876619 0.011337426890827802 0.13146487951695623 0.16727068997574038 0.31983762233374274 0.093194351323566071 0.13290459745912561 0.012433302375518738 19.054388371725597 0.090459481079248935 0.23599866063100697 0.10897344442278827 0.20956364122958765 0.090718155943304707 0.023397703193769152 44.29775915710043 0.068507319001523362 0.15237729649205201 0.1964660125991266 2.1830508816777998 0.066122022825474067 0.08588105428808826 0.096579395628933848 0.69459667911628964 0.30306058317767609 0.06543216138361152 0.32427690613921184 0.68396278931274945 0.014943355993617471 1.6588379231732808 0.22655328644341716 0.18796781424288811 0.19023155631118063 2.0379602192821218 0.17313117079094878 0.15669665891516432 0.097092718969565117 0.048847421496522409 0.039632499627047124 0.014415739595931711 0.071222512415911612 1.8168870255512941 0.061283906253206448 0.070191476043499304 0.010710950346614659 1.5965333488780891 0.024115326908359921 11.923800043551768 0.021991994192899308 0.17794970378130115 0.010315381389859719 0.15510675356065143 0.98673041532603156 0.27595344850708076 0.099569065155858505 0.53047459280228282 0.1043436325882931 1.4636849843858235 0.067146178222533229 0.045074540084421279 0.010706076618366284 0.044524048354439016 0.04914778493582754 0.034589899040343597 0.010893851951502945 0.055843847376737039 0.091704251189474978 0.21973989285652484 0.098256208027942632 0.060090207066028203 0.020164232190247214 0.049575379742035318 0.015455474803322652 0.49971115865574084 0.017732736033257649 0.14785840617305906 0.12116511346219407 0.0042416548906035884 0.017452226832877178 0.014697919155735031 0.052189899134089383 0.042219940001805262 0.048252242054127724 0.049061786181929863 0.19798490787062895 0.042555428836199803 0.031219042292063584 0.020474543772232751 0.13431868582512643 0.027181248577336729 0.23679333090371163 0.074766856403209639 0.034991470821296611 0.097240245593751773 0.26774565596100602 0.082357253504713471 0.079472680417975464 0.039698412573733875 0.11460099905588672 0.0059891079427822772 0.023971881227493413 0.055284373566909469 0.090947776267344446 0.055107018772475182 0.056618719215085135 0.019713922272932463 0.024084098991155059 0.032235693641724496 0.036806551080786322 0.064082445806596833 0.030169862264289776 0.013680326570316393 0.063800269697265433 0.052062064723254989 0.011084519616477006 0.035324243787477179 0.052460668727101131 0.13285664242997125 0.050165096498563676 0.016532239152603791 0.055090963311451753 0.12159579546713395 0.012083357351561472 0.080486724307438751 0.0051027792805202069 0.020392119668089466 0.091808825646409478 0.035353507659228463 0.021764919292547664 0.052687442915600367 0.80595273457008365 0.045015389459555619 0.010002394910390545 0.068493510167770819 0.071291382627623384 0.011497409175228195 0.076740395315304494 0.01080919373088305 0.014967100169388988 0.015476389240762145 0.014297994506022264 0.052914797281315415 0.062248067538829929 0.06501205290619462 0.02543053185464467 0.040262251302616875 0.01614505177962007 0.0041228404837772509 0.0094949509657569261 0.0099391214695515439 0.013877241052529642 0.11034965752738864 0.025100536804946671 0.044473872380019659 0.055086416813991894 0.016065612987969206 0.0044336199629283288 0.021682894389903826 0.015036413539461758 0.010654510208992156 0.052743547143185972 0.020812026680527802 0.008633986200432528 0.027593878564886667 0.0037107885203149283 