# Created by Octave 4.4.0, Tue Mar 26 23:21:59 2019 CET <lukas@eduroam-hg-dock-1-179.ethz.ch>
# name: results_summary
# type: matrix
# rows: 4
# columns: 750
 100 100 100 100 100 100 100 100 100 100 100 100 100 100 100 100 100 100 100 100 100 100 100 100 100 100 100 100 100 100 100 100 100 100 100 100 100 100 100 100 100 100 100 100 100 100 100 100 100 100 200 200 200 200 200 200 200 200 200 200 200 200 200 200 200 200 200 200 200 200 200 200 200 200 200 200 200 200 200 200 200 200 200 200 200 200 200 200 200 200 200 200 200 200 200 200 200 200 200 200 300 300 300 300 300 300 300 300 300 300 300 300 300 300 300 300 300 300 300 300 300 300 300 300 300 300 300 300 300 300 300 300 300 300 300 300 300 300 300 300 300 300 300 300 300 300 300 300 300 300 400 400 400 400 400 400 400 400 400 400 400 400 400 400 400 400 400 400 400 400 400 400 400 400 400 400 400 400 400 400 400 400 400 400 400 400 400 400 400 400 400 400 400 400 400 400 400 400 400 400 500 500 500 500 500 500 500 500 500 500 500 500 500 500 500 500 500 500 500 500 500 500 500 500 500 500 500 500 500 500 500 500 500 500 500 500 500 500 500 500 500 500 500 500 500 500 500 500 500 500 600 600 600 600 600 600 600 600 600 600 600 600 600 600 600 600 600 600 600 600 600 600 600 600 600 600 600 600 600 600 600 600 600 600 600 600 600 600 600 600 600 600 600 600 600 600 600 600 600 600 700 700 700 700 700 700 700 700 700 700 700 700 700 700 700 700 700 700 700 700 700 700 700 700 700 700 700 700 700 700 700 700 700 700 700 700 700 700 700 700 700 700 700 700 700 700 700 700 700 700 800 800 800 800 800 800 800 800 800 800 800 800 800 800 800 800 800 800 800 800 800 800 800 800 800 800 800 800 800 800 800 800 800 800 800 800 800 800 800 800 800 800 800 800 800 800 800 800 800 800 900 900 900 900 900 900 900 900 900 900 900 900 900 900 900 900 900 900 900 900 900 900 900 900 900 900 900 900 900 900 900 900 900 900 900 900 900 900 900 900 900 900 900 900 900 900 900 900 900 900 1000 1000 1000 1000 1000 1000 1000 1000 1000 1000 1000 1000 1000 1000 1000 1000 1000 1000 1000 1000 1000 1000 1000 1000 1000 1000 1000 1000 1000 1000 1000 1000 1000 1000 1000 1000 1000 1000 1000 1000 1000 1000 1000 1000 1000 1000 1000 1000 1000 1000 1100 1100 1100 1100 1100 1100 1100 1100 1100 1100 1100 1100 1100 1100 1100 1100 1100 1100 1100 1100 1100 1100 1100 1100 1100 1100 1100 1100 1100 1100 1100 1100 1100 1100 1100 1100 1100 1100 1100 1100 1100 1100 1100 1100 1100 1100 1100 1100 1100 1100 1200 1200 1200 1200 1200 1200 1200 1200 1200 1200 1200 1200 1200 1200 1200 1200 1200 1200 1200 1200 1200 1200 1200 1200 1200 1200 1200 1200 1200 1200 1200 1200 1200 1200 1200 1200 1200 1200 1200 1200 1200 1200 1200 1200 1200 1200 1200 1200 1200 1200 1300 1300 1300 1300 1300 1300 1300 1300 1300 1300 1300 1300 1300 1300 1300 1300 1300 1300 1300 1300 1300 1300 1300 1300 1300 1300 1300 1300 1300 1300 1300 1300 1300 1300 1300 1300 1300 1300 1300 1300 1300 1300 1300 1300 1300 1300 1300 1300 1300 1300 1400 1400 1400 1400 1400 1400 1400 1400 1400 1400 1400 1400 1400 1400 1400 1400 1400 1400 1400 1400 1400 1400 1400 1400 1400 1400 1400 1400 1400 1400 1400 1400 1400 1400 1400 1400 1400 1400 1400 1400 1400 1400 1400 1400 1400 1400 1400 1400 1400 1400 1500 1500 1500 1500 1500 1500 1500 1500 1500 1500 1500 1500 1500 1500 1500 1500 1500 1500 1500 1500 1500 1500 1500 1500 1500 1500 1500 1500 1500 1500 1500 1500 1500 1500 1500 1500 1500 1500 1500 1500 1500 1500 1500 1500 1500 1500 1500 1500 1500 1500
 0.81876705179525355 Inf 0.69023580365542248 0.78602255880699801 0.7736314895796319 0.2357862697006157 1.7433890384578621e+94 243.22949676985453 0.41527597052907039 0.77548964774429385 0.80535653197682922 706.09795426001244 4.2336774375939233e+31 0.69689193368810876 2.1706361463243416e+85 0.66811166131298882 17469.829360557327 Inf Inf 0.65888838912833148 10.197040960055796 0.68133746651975569 0.85750214879906583 4.1549622230737191e+53 Inf 11304.211929392759 3.4344417343561139e+64 1.9823221282745098 3.5283388069132677e+128 1.8178654353368483e+124 3.8659711332096137e+33 43.500607157061765 7.075002289482002e+73 2.4651337446611969 1.2294266365401576 9.0254209324070805e+28 1.0125640689085135e+24 9.0357219642797597e+104 15.099929811887325 0.83142263448333509 0.34638496827798865 0.73794358006476191 0.70132865436112912 0.74162795315023045 0.55868842924692186 Inf 208500.36052045398 1.0129162920110901e+30 3.1574629300869033e+41 1.7951255853986514e+22 5.3500551849236571 6345387406619.0479 2799.44704050889 47.341304685297402 0.59585998678604446 0.54344929603421244 57.05702412440121 0.30606047310207657 30725.171590909093 164731536776.13647 13.741721020999071 37.870734561255027 0.61545599900371195 0.73427388896064283 863.21418595349303 1.5641308022817562 5.1765950982680851 3792681.8983253748 2.0063415608892002e+19 13.426775857060806 0.57435399633425344 2.7588408595507208e+22 0.45377804864240073 1.09589091334818e+21 0.57048839293219822 16.572551072135713 8144606665721.3027 483439918183292.5 0.54531203207857282 2092456509.4062424 0.42615005719388116 3.365613255211632 25.737281936755643 0.70846007027036972 4.7995667389702983e+20 1.6213776505241335 302.0692347542012 4.6300250161979895 1.6567598558505843 4.2128605559717544e+19 0.82256004094110025 0.60640658525057356 0.70229435524252259 0.11225580111887451 1140447519.591207 17.133365316994958 896529787025561.12 5.0403846090798279 211.23159906824614 1.6399471129021275 7.0287613541506202 0.035048319236484944 0.15983282670228918 59454973699890232 0.24262491205724906 124.07392320496734 5.8821684319330538 0.61984112394504776 57.972104769861396 22.744234200987169 24377430.343087822 1.1628322471312826 1.6078424725273772 156.88584729657606 19.443365496794343 51.006996927310851 405.03843262098178 0.17189178438330224 0.3836933874898924 0.57230869879623592 0.16889954586041364 0.19919546285946355 1.0470253737617921 1.3603885255446684 0.41169527060756927 19536.721924233429 0.68249272306734277 0.51480888707336248 104015000.58931056 2.0647743645717282 0.064045889931172564 10629943.802205617 147.88991574382382 1.3305819237881025 775.94061580690868 9.0677278416918461e+31 0.18607039351668661 4.3701918566991292e+39 24.256919128089077 0.11305882339501469 3589.0388190779072 0.35028703612136391 49308.376767893904 113.39634055542176 0.19657756962366277 37453402814886224 0.53579982614114274 428252.91232223582 653262.09184942115 0.63232292048730732 0.58748192699401869 2.425538574695941 5.5369437902029688 30.423270243859811 0.18103511937097652 0.27332175524987745 0.16385741855685582 0.37295379100069082 0.21436607250648212 3.7599296009381131 0.23540782789224587 0.6674304399871922 0.56550287833645374 1.927413920871534 77.795761963987715 0.30900513441574851 0.037323057415079131 20065.791010162306 0.35833179515995089 5.8184844297731813 0.25362217265305947 2.4359970977955268 3.6052296136521513 0.15172175183168082 0.28888482915397856 24996.555006054343 0.37796830361036282 0.77942404023028133 0.15930914225604306 2.9436239779220039 0.10644543026492576 0.32081704148331192 0.8026164088941462 0.4952302143402309 0.44507099789787319 1.2541290149880568 0.34225513390224999 0.13648791844399838 0.36228136683196188 86509.943058945428 3172404.9105866705 0.38639565600496678 0.19194107196179053 2.0433974241530204 0.53716711642018566 0.28085723353117703 0.158028449265568 2790.8378480431629 0.55683773227236655 41.262815225016034 0.90879790801692661 0.33973386827075874 0.041672761442848781 0.26285146461381287 0.51573633318246836 12.272004224403496 0.51337468095407812 4.7524026410270999 0.25926425396474029 1.0812909683588448 0.11092422458322306 3.0625592150569205 7.3807848919563739 0.16232235705973641 0.20559195293555349 0.24894638232379793 1.0325451504659515 0.5582846869030853 0.43430538224102133 0.45499908878529938 1.8044652663141636 0.14144366897259245 25.571477672175472 0.16822995760999274 0.55442795831684066 0.26737159477545802 0.45932492107033618 13.201783802901859 24.569382090959209 0.05307599065967343 2.5172027964768344 0.50011867990686376 0.28166393279973057 