# Created by Octave 4.4.0, Thu Mar 28 01:59:20 2019 CET <lukas@eduroam-hg-dock-1-179.ethz.ch>
# name: results_summary
# type: matrix
# rows: 4
# columns: 750
 100 100 100 100 100 100 100 100 100 100 100 100 100 100 100 100 100 100 100 100 100 100 100 100 100 100 100 100 100 100 100 100 100 100 100 100 100 100 100 100 100 100 100 100 100 100 100 100 100 100 200 200 200 200 200 200 200 200 200 200 200 200 200 200 200 200 200 200 200 200 200 200 200 200 200 200 200 200 200 200 200 200 200 200 200 200 200 200 200 200 200 200 200 200 200 200 200 200 200 200 300 300 300 300 300 300 300 300 300 300 300 300 300 300 300 300 300 300 300 300 300 300 300 300 300 300 300 300 300 300 300 300 300 300 300 300 300 300 300 300 300 300 300 300 300 300 300 300 300 300 400 400 400 400 400 400 400 400 400 400 400 400 400 400 400 400 400 400 400 400 400 400 400 400 400 400 400 400 400 400 400 400 400 400 400 400 400 400 400 400 400 400 400 400 400 400 400 400 400 400 500 500 500 500 500 500 500 500 500 500 500 500 500 500 500 500 500 500 500 500 500 500 500 500 500 500 500 500 500 500 500 500 500 500 500 500 500 500 500 500 500 500 500 500 500 500 500 500 500 500 600 600 600 600 600 600 600 600 600 600 600 600 600 600 600 600 600 600 600 600 600 600 600 600 600 600 600 600 600 600 600 600 600 600 600 600 600 600 600 600 600 600 600 600 600 600 600 600 600 600 700 700 700 700 700 700 700 700 700 700 700 700 700 700 700 700 700 700 700 700 700 700 700 700 700 700 700 700 700 700 700 700 700 700 700 700 700 700 700 700 700 700 700 700 700 700 700 700 700 700 800 800 800 800 800 800 800 800 800 800 800 800 800 800 800 800 800 800 800 800 800 800 800 800 800 800 800 800 800 800 800 800 800 800 800 800 800 800 800 800 800 800 800 800 800 800 800 800 800 800 900 900 900 900 900 900 900 900 900 900 900 900 900 900 900 900 900 900 900 900 900 900 900 900 900 900 900 900 900 900 900 900 900 900 900 900 900 900 900 900 900 900 900 900 900 900 900 900 900 900 1000 1000 1000 1000 1000 1000 1000 1000 1000 1000 1000 1000 1000 1000 1000 1000 1000 1000 1000 1000 1000 1000 1000 1000 1000 1000 1000 1000 1000 1000 1000 1000 1000 1000 1000 1000 1000 1000 1000 1000 1000 1000 1000 1000 1000 1000 1000 1000 1000 1000 1100 1100 1100 1100 1100 1100 1100 1100 1100 1100 1100 1100 1100 1100 1100 1100 1100 1100 1100 1100 1100 1100 1100 1100 1100 1100 1100 1100 1100 1100 1100 1100 1100 1100 1100 1100 1100 1100 1100 1100 1100 1100 1100 1100 1100 1100 1100 1100 1100 1100 1200 1200 1200 1200 1200 1200 1200 1200 1200 1200 1200 1200 1200 1200 1200 1200 1200 1200 1200 1200 1200 1200 1200 1200 1200 1200 1200 1200 1200 1200 1200 1200 1200 1200 1200 1200 1200 1200 1200 1200 1200 1200 1200 1200 1200 1200 1200 1200 1200 1200 1300 1300 1300 1300 1300 1300 1300 1300 1300 1300 1300 1300 1300 1300 1300 1300 1300 1300 1300 1300 1300 1300 1300 1300 1300 1300 1300 1300 1300 1300 1300 1300 1300 1300 1300 1300 1300 1300 1300 1300 1300 1300 1300 1300 1300 1300 1300 1300 1300 1300 1400 1400 1400 1400 1400 1400 1400 1400 1400 1400 1400 1400 1400 1400 1400 1400 1400 1400 1400 1400 1400 1400 1400 1400 1400 1400 1400 1400 1400 1400 1400 1400 1400 1400 1400 1400 1400 1400 1400 1400 1400 1400 1400 1400 1400 1400 1400 1400 1400 1400 1500 1500 1500 1500 1500 1500 1500 1500 1500 1500 1500 1500 1500 1500 1500 1500 1500 1500 1500 1500 1500 1500 1500 1500 1500 1500 1500 1500 1500 1500 1500 1500 1500 1500 1500 1500 1500 1500 1500 1500 1500 1500 1500 1500 1500 1500 1500 1500 1500 1500
 0.58911827747048917 2.4609141453834978e+109 30844575675689.992 0.62457387128245478 10557.485080178882 6.4078927523876944e+97 0.71380935732966078 10.257693998513879 1084.050269976115 2.0411664752491086e+19 146.63074247678477 0.77909518499721797 2946192443621248.5 0.57510406592011409 496396112.674196 56718011012732.531 0.76481580995939458 0.69399311717252032 0.74523903093635457 0.27670616901298389 3.2288714015034144e+59 4.7529503305033528e+20 0.58190463220336219 3.3421337582422097e+24 0.7146138370784566 4.0710055766051156e+33 248.22785874624117 1773.6254815891339 8.3935985331056777 2.7970922799106397 250565076303106.38 0.79956777443315097 0.75969264529850566 0.7321391076258319 1.0307347584513495 400896326.52342045 581.74005291131709 8677881460068156 0.78924462924463401 0.66107788534364442 0.67891909555419572 2221892.8771931245 3.466612111045701e+44 Inf 86448563303867360 0.75851352618481704 0.72668222514858993 5.5605889798983168e+42 0.64612927051693259 0.65293420962114157 0.61239664970933927 37.121120654850259 1.9502954545833711 1.970132616368208 0.5429364013804765 0.17872174709010294 0.46118732978289118 0.73560433263981229 1.3295881950526669 0.62760333806568847 0.87555868460610642 0.72229836916561663 0.74645862522081019 0.40141370226529616 6560601835674819 0.53609233071323947 11478.799683117397 0.76222079842248747 0.71484696361066935 0.54776707078173281 0.25806256733279692 0.72007833999157456 0.7889321415835181 3976.6479528477894 0.90189041982501306 1.0780866400085565 0.81306497085808926 4396.9525517761858 3.0627626086559423 0.80570997752266593 42.170080802873187 0.16170288202485525 0.49124540539727751 0.98986768819863946 0.85712447154293248 8094778387.1317825 0.90265973470800998 41.758911573349721 0.73813198753454001 0.65871983382326715 0.71547659427991805 66.832158045649621 0.86624456699738128 0.60445659563129517 0.4889854687371834 6.8284780534989045 186.06640784900824 0.85191080536928088 34.982836667477059 0.51056838924817594 0.33174817282579994 4.5797441486611774 0.2016840101645237 0.17157388828541573 3.3724706170887218 0.37611481674294478 63.052998688116205 16.312769106354995 4.6459330960120075 3.3817217659767072 0.15594812687789397 3.4790757493683104 151.8615682845022 1.5012036014390904 40.483590121942079 0.06908335374686686 68.887670449239863 7.0009495893950806 28.257993041707707 0.53060062128714036 11.630410355897133 0.46283359315296918 59.975300407400496 0.45245635167184811 0.35043084343267117 173164771.85783258 0.32341182545019237 0.37824249995421327 2.9752356845295416 12966.851135736051 25643718.260918509 0.63619290465522649 1015.8678569485529 59.683838387724059 8.1216539320366294 70.47156578941059 368.76620492393113 23.198486921683507 0.35781168854692452 0.11189399623229575 0.38580274442421464 71.936865720133127 9.0830275374720202 3.2466064312245813 20.108968261156512 0.60477426842979731 11983365.818842834 2.2185503638922355 0.82745429471678356 158.1840903112101 16.184390197056775 55.565586357812656 231.83960538579123 0.1028368163581368 2.3294635409255773 1174.1329399199055 23.590431853647463 3.7677135162252413 45.76656987281514 14.791957827330945 2.0564603872229017 19.004813228032607 145.41729785556001 316.32445399455213 136.26149605579678 0.46228336330607456 656693.21987536724 0.48612120466018272 0.59155544496082024 2.8349669422293897 68.149891078401723 1.367962892162867 2.4578773366291204 0.050787726083016078 189.47340217956418 37.133627992793983 267.06212605808446 0.48972975967707821 9.1182330728431644 0.2331689378246663 2.4862479257111088 0.27366994262468147 1.8382365511194931 0.24715093699230353 2.1206279764507849 0.57445485538455787 0.43318514340975911 14.634547059159468 0.28228654956134025 0.077255164425686362 0.055411458613234356 0.086434586954752674 2486.44591046196 0.88528063787029587 1.5570070981627659 0.20319015680808017 7.6635732567236685 0.11467036808597392 79.197480967656389 0.20618742952676711 0.66333085428538652 25.361599339962147 0.091802758413217597 0.20860166706039862 0.50267951091741714 8.9086556368045571 0.17158530629816884 0.13663505171656432 3.2145209138610036 607.62958277195037 1.436343625206125 146.59116176822693 0.1666327512045096 0.22304142001909746 0.12608116190899951 232.18674379757621 0.098213034638279198 0.1613197288391284 363.44468026847875 22.085553803388457 0.1694930044150417 271.08356981119488 0.39435329245830963 0.048538818218831478 0.098870422545314848 0.22869147759984426 0.02164021104154476 0.04973514067628329 1.7137349291776141 0.44623264747166858 0.35688596994182004 0.094407013634367321 100.9201133499091 