# Created by Octave 4.4.0, Tue Mar 26 20:50:04 2019 CET <lukas@eduroam-hg-dock-1-179.ethz.ch>
# name: results_summary
# type: matrix
# rows: 4
# columns: 750
 100 100 100 100 100 100 100 100 100 100 100 100 100 100 100 100 100 100 100 100 100 100 100 100 100 100 100 100 100 100 100 100 100 100 100 100 100 100 100 100 100 100 100 100 100 100 100 100 100 100 200 200 200 200 200 200 200 200 200 200 200 200 200 200 200 200 200 200 200 200 200 200 200 200 200 200 200 200 200 200 200 200 200 200 200 200 200 200 200 200 200 200 200 200 200 200 200 200 200 200 300 300 300 300 300 300 300 300 300 300 300 300 300 300 300 300 300 300 300 300 300 300 300 300 300 300 300 300 300 300 300 300 300 300 300 300 300 300 300 300 300 300 300 300 300 300 300 300 300 300 400 400 400 400 400 400 400 400 400 400 400 400 400 400 400 400 400 400 400 400 400 400 400 400 400 400 400 400 400 400 400 400 400 400 400 400 400 400 400 400 400 400 400 400 400 400 400 400 400 400 500 500 500 500 500 500 500 500 500 500 500 500 500 500 500 500 500 500 500 500 500 500 500 500 500 500 500 500 500 500 500 500 500 500 500 500 500 500 500 500 500 500 500 500 500 500 500 500 500 500 600 600 600 600 600 600 600 600 600 600 600 600 600 600 600 600 600 600 600 600 600 600 600 600 600 600 600 600 600 600 600 600 600 600 600 600 600 600 600 600 600 600 600 600 600 600 600 600 600 600 700 700 700 700 700 700 700 700 700 700 700 700 700 700 700 700 700 700 700 700 700 700 700 700 700 700 700 700 700 700 700 700 700 700 700 700 700 700 700 700 700 700 700 700 700 700 700 700 700 700 800 800 800 800 800 800 800 800 800 800 800 800 800 800 800 800 800 800 800 800 800 800 800 800 800 800 800 800 800 800 800 800 800 800 800 800 800 800 800 800 800 800 800 800 800 800 800 800 800 800 900 900 900 900 900 900 900 900 900 900 900 900 900 900 900 900 900 900 900 900 900 900 900 900 900 900 900 900 900 900 900 900 900 900 900 900 900 900 900 900 900 900 900 900 900 900 900 900 900 900 1000 1000 1000 1000 1000 1000 1000 1000 1000 1000 1000 1000 1000 1000 1000 1000 1000 1000 1000 1000 1000 1000 1000 1000 1000 1000 1000 1000 1000 1000 1000 1000 1000 1000 1000 1000 1000 1000 1000 1000 1000 1000 1000 1000 1000 1000 1000 1000 1000 1000 1100 1100 1100 1100 1100 1100 1100 1100 1100 1100 1100 1100 1100 1100 1100 1100 1100 1100 1100 1100 1100 1100 1100 1100 1100 1100 1100 1100 1100 1100 1100 1100 1100 1100 1100 1100 1100 1100 1100 1100 1100 1100 1100 1100 1100 1100 1100 1100 1100 1100 1200 1200 1200 1200 1200 1200 1200 1200 1200 1200 1200 1200 1200 1200 1200 1200 1200 1200 1200 1200 1200 1200 1200 1200 1200 1200 1200 1200 1200 1200 1200 1200 1200 1200 1200 1200 1200 1200 1200 1200 1200 1200 1200 1200 1200 1200 1200 1200 1200 1200 1300 1300 1300 1300 1300 1300 1300 1300 1300 1300 1300 1300 1300 1300 1300 1300 1300 1300 1300 1300 1300 1300 1300 1300 1300 1300 1300 1300 1300 1300 1300 1300 1300 1300 1300 1300 1300 1300 1300 1300 1300 1300 1300 1300 1300 1300 1300 1300 1300 1300 1400 1400 1400 1400 1400 1400 1400 1400 1400 1400 1400 1400 1400 1400 1400 1400 1400 1400 1400 1400 1400 1400 1400 1400 1400 1400 1400 1400 1400 1400 1400 1400 1400 1400 1400 1400 1400 1400 1400 1400 1400 1400 1400 1400 1400 1400 1400 1400 1400 1400 1500 1500 1500 1500 1500 1500 1500 1500 1500 1500 1500 1500 1500 1500 1500 1500 1500 1500 1500 1500 1500 1500 1500 1500 1500 1500 1500 1500 1500 1500 1500 1500 1500 1500 1500 1500 1500 1500 1500 1500 1500 1500 1500 1500 1500 1500 1500 1500 1500 1500
 12629.29846003107 6681.3124491087901 7.722032513922348e+34 1.1653329839769491e+17 2.7713591446497541e+26 0.63233802281319873 0.84438773688636259 0.55272137048348646 2.080272233950939 0.6741648568082006 0.70180258328883882 1049363804125.2236 0.67098494730435398 2.6554838904854243 0.65135281217162588 2.0139583692453482e+101 0.65596926107911568 9.9314355417189354e+40 9.3977376613796393e+18 2.7927351440787337e+111 41400.557488633422 1167127.007370943 23.753033389966355 0.61198048546067585 5123749910.6548738 1.4225983150230585e+78 0.15573463407809174 0.84785107983878705 12012813271269116 0.97778002072921844 11.288305560024765 0.6222242953859084 0.37408411118586277 6.9690917528740634e+27 0.68953456729305385 79080027962094.922 41921951.971906938 24189990.206153341 0.63511269968913542 375125.51671328722 20959657228.203556 0.91194917720146562 0.62078416820520232 0.62800866611281181 9.3086183181616791e+39 477.66388389500509 20.336737000839552 5.3342899520418124e+29 112141348.89750235 0.97764369754716929 23.471996729489167 19.159448230868012 2.2571543322992208e+17 0.57361877883708334 0.33265384940207265 2616.4402883177972 0.14325169432551743 2.744341995618095 0.19762607368263038 800.84599167130557 0.67351787650104433 0.28146670730533369 3.4042005564460027e+20 31.213785179045082 0.20912957743120353 11.539440387895148 163.28534191928657 8.3920300939356736 1560534667.9429967 0.44342455033438022 1627.6914517361606 295.78408628719313 10281217.285816699 2174966317.776711 198043.64232280973 1.1745196660522981 134.28831960876974 3.3776977466329543e+34 11951.175071668938 0.65411885122297109 1167.5367277027415 1.9112329125301271 415346.05388727115 304.41838260572382 0.12849608515030353 1814848586.2663412 0.61108861106043455 671193398.13097191 3.0206083614939216 2.2905566062264813e+39 0.45377453639946713 500.66467151341118 1.2891159465293653 0.57091156416495314 8.3538792364160273 0.57416387610081976 0.81211528315568071 1.8704966465443784 1475483.0653218871 2.1737558149232394 8.7707026869483009 0.61199869833621201 0.15371621899431012 1.4291221718988845 1.0308077223749676 13.746585865749177 81.112806271473673 1.1997399339108532 0.054373016296183727 9.8359437091303796 2.6342155700757317 0.13109441222558393 0.35112696179003505 0.79450858541636238 0.2585731220871415 0.45563961866520353 20.743962004325923 1.125890840470853 0.16929842082214816 1.7599406919217149 5.4439793878280707 0.33750513952677624 0.58084493472768761 0.29390760580487763 13.349357349998485 0.26149199448394506 0.31972824181049514 0.38098636158473542 0.24543042456371914 14.996733105431277 42480366.463233754 0.55545600757344082 0.14647287240865545 3.7394698119427066 17.00440174466187 0.18564058528003111 1.1871923933495234 1.6406887711765603 0.082422308260554245 1.5963064413398913 0.16887785372228933 1.8593364825104388 84.377404914873836 2.4048638261035666 0.46635199066622335 0.30866263868167981 3597554.5098319375 0.40682606440049401 0.34795090324598188 395.86435338226772 0.29447077302813102 0.31434526842007476 10.831283309057476 0.46032207796162272 0.39344679178871361 0.22293431031415858 855.40406432104032 55.384442234795237 0.12481109512703217 1.5535815010513878 0.12588165501947263 0.093280607721641928 0.4320219006122194 0.63343889018545207 1.4109579229283724 0.74220290555270241 0.14115135265741505 0.46891725313127053 0.084281051310390862 0.53240766479868462 0.22941897289376986 3.9021210724112327 0.46507848017473941 1.906459037789777 0.26856418492501333 0.80866010470117133 1.9790536484025001 2.0104976099029797 0.72149306226154097 0.12268932629759047 0.18232829453493343 20.543965586065685 0.53087051517684847 0.17235439044481257 0.15745754790717781 0.14983007022233449 0.25067147824706043 0.04371156950064109 0.3375904641420267 551.9513091774852 0.2578077237464329 1.4251536521077519 0.5639949079067782 5.2151144658089326 0.50351192213451834 0.28411645059334401 0.35990466412879712 7.224925422177737 1.3462793749753563 0.29758106367215342 0.047421232184403861 0.43469126880335651 0.19658991232351899 0.1168134775919376 0.12398693798968675 1.4190488563161492 0.18657509172042602 0.15723888804997899 0.40367317244261192 0.26225673689044093 0.22732584733209507 0.41275544247620716 0.09636537226760869 0.13129923829668158 0.29152791598647598 0.41152475256408633 0.481246842810854 0.049070364664833638 0.04752115341116539 0.2737662979255539 0.049135792037647195 0.16241175390066123 0.18260606808238244 0.29909584056181687 0.31505714786656314 124.86097292342228 0.16524041443149162 0.29278173539117586 0.46086665571447816 0.3864140805873561 