# Created by Octave 4.4.0, Wed Mar 27 23:59:34 2019 CET <lukas@eduroam-hg-dock-1-179.ethz.ch>
# name: results_summary
# type: matrix
# rows: 4
# columns: 750
 100 100 100 100 100 100 100 100 100 100 100 100 100 100 100 100 100 100 100 100 100 100 100 100 100 100 100 100 100 100 100 100 100 100 100 100 100 100 100 100 100 100 100 100 100 100 100 100 100 100 200 200 200 200 200 200 200 200 200 200 200 200 200 200 200 200 200 200 200 200 200 200 200 200 200 200 200 200 200 200 200 200 200 200 200 200 200 200 200 200 200 200 200 200 200 200 200 200 200 200 300 300 300 300 300 300 300 300 300 300 300 300 300 300 300 300 300 300 300 300 300 300 300 300 300 300 300 300 300 300 300 300 300 300 300 300 300 300 300 300 300 300 300 300 300 300 300 300 300 300 400 400 400 400 400 400 400 400 400 400 400 400 400 400 400 400 400 400 400 400 400 400 400 400 400 400 400 400 400 400 400 400 400 400 400 400 400 400 400 400 400 400 400 400 400 400 400 400 400 400 500 500 500 500 500 500 500 500 500 500 500 500 500 500 500 500 500 500 500 500 500 500 500 500 500 500 500 500 500 500 500 500 500 500 500 500 500 500 500 500 500 500 500 500 500 500 500 500 500 500 600 600 600 600 600 600 600 600 600 600 600 600 600 600 600 600 600 600 600 600 600 600 600 600 600 600 600 600 600 600 600 600 600 600 600 600 600 600 600 600 600 600 600 600 600 600 600 600 600 600 700 700 700 700 700 700 700 700 700 700 700 700 700 700 700 700 700 700 700 700 700 700 700 700 700 700 700 700 700 700 700 700 700 700 700 700 700 700 700 700 700 700 700 700 700 700 700 700 700 700 800 800 800 800 800 800 800 800 800 800 800 800 800 800 800 800 800 800 800 800 800 800 800 800 800 800 800 800 800 800 800 800 800 800 800 800 800 800 800 800 800 800 800 800 800 800 800 800 800 800 900 900 900 900 900 900 900 900 900 900 900 900 900 900 900 900 900 900 900 900 900 900 900 900 900 900 900 900 900 900 900 900 900 900 900 900 900 900 900 900 900 900 900 900 900 900 900 900 900 900 1000 1000 1000 1000 1000 1000 1000 1000 1000 1000 1000 1000 1000 1000 1000 1000 1000 1000 1000 1000 1000 1000 1000 1000 1000 1000 1000 1000 1000 1000 1000 1000 1000 1000 1000 1000 1000 1000 1000 1000 1000 1000 1000 1000 1000 1000 1000 1000 1000 1000 1100 1100 1100 1100 1100 1100 1100 1100 1100 1100 1100 1100 1100 1100 1100 1100 1100 1100 1100 1100 1100 1100 1100 1100 1100 1100 1100 1100 1100 1100 1100 1100 1100 1100 1100 1100 1100 1100 1100 1100 1100 1100 1100 1100 1100 1100 1100 1100 1100 1100 1200 1200 1200 1200 1200 1200 1200 1200 1200 1200 1200 1200 1200 1200 1200 1200 1200 1200 1200 1200 1200 1200 1200 1200 1200 1200 1200 1200 1200 1200 1200 1200 1200 1200 1200 1200 1200 1200 1200 1200 1200 1200 1200 1200 1200 1200 1200 1200 1200 1200 1300 1300 1300 1300 1300 1300 1300 1300 1300 1300 1300 1300 1300 1300 1300 1300 1300 1300 1300 1300 1300 1300 1300 1300 1300 1300 1300 1300 1300 1300 1300 1300 1300 1300 1300 1300 1300 1300 1300 1300 1300 1300 1300 1300 1300 1300 1300 1300 1300 1300 1400 1400 1400 1400 1400 1400 1400 1400 1400 1400 1400 1400 1400 1400 1400 1400 1400 1400 1400 1400 1400 1400 1400 1400 1400 1400 1400 1400 1400 1400 1400 1400 1400 1400 1400 1400 1400 1400 1400 1400 1400 1400 1400 1400 1400 1400 1400 1400 1400 1400 1500 1500 1500 1500 1500 1500 1500 1500 1500 1500 1500 1500 1500 1500 1500 1500 1500 1500 1500 1500 1500 1500 1500 1500 1500 1500 1500 1500 1500 1500 1500 1500 1500 1500 1500 1500 1500 1500 1500 1500 1500 1500 1500 1500 1500 1500 1500 1500 1500 1500
 0.7452701662883745 0.80376921072004559 0.8704504415664216 0.76126475260628357 8.3884688755723739e+59 8301720.918724942 44.546733498991514 0.7551987224737029 0.64231497122585335 0.4799631005715857 1.3023457473584741 0.76119412616421311 0.89395043178892397 0.73542962191892769 0.87124322781051444 0.76357176879899014 0.50939562230697955 0.86501552607185317 0.67805150794221025 0.58427949323997652 17.10745747608258 0.72376366693899818 0.72709617183123854 0.84702344624286341 4.6970100431622468 0.83678933054792171 0.60484679693920196 0.48436550712767595 0.85214538283848607 0.74468200131522844 0.82563897718569057 0.77021904076765624 0.73688047030552761 0.38497172357420417 0.8985420396939009 0.59755465478786673 0.90909441699065374 0.51555122834837408 0.61234534754309367 0.67232836744834601 0.82986937319147758 0.58001839339173189 0.85531787833239836 0.68967252199922957 38574.451965615197 0.75556746803479258 0.83537350633834984 0.74026501796118538 561.7180596004398 0.88230036939489498 0.65108791814151312 1.0188185128818516e+27 4.6444397624631746 631.83443743954047 334.54210494616655 66.285663516385569 126770418514.93626 0.033292754615634627 0.31258520223396141 6.7502980249418714e+20 1.4826357675137365 23.172989236295425 0.5752684773678497 25.738580047025764 0.19012823724508776 44400.772289687658 1.3449235465188623 70.824114719575149 118776.56130987089 1.0671488528545223 9.7890435104448734 0.48978770545541861 0.53132466267138823 3.2170357117176289 0.73315915980398549 0.78759043620195845 0.55853713587298093 157.13700657257181 499.9529503968871 107069.32050782429 0.14970738484771459 7.2866652476529898 21.140857265379651 256.91898992710503 2.8957004101990824 297.21239479703326 0.87380299941049799 1051.2558893656105 0.86050754877420021 16.440460398355611 2987.5709029194722 25603.046085476581 66.429743126898231 0.16576192694215849 6.1135483100956263 0.71219987257953932 1667.6941703137918 1.5312853589187714 0.026784905294081212 18.364417047058467 43.417124842883702 0.31322819243948774 0.035435456769562473 0.17067307811636015 0.17248069371265889 8.9786234618021439 0.33327150743640443 0.1507333888735769 4.29406350815478 46.833317824172219 2.3456614913219029 0.63223200266376989 2.0185653776965449 0.12960428113281972 0.073006751729998126 9.76210104409693 0.20324737761948472 0.88541618445523784 0.59226029910355027 287.23899945717068 5.5864326618293036 0.036271083211528159 0.7777834624972928 0.54162319575056206 7.8525377476627316 1.3971614501042497 0.37822739234980346 3.6020791452019476 1.1990497949145853 1.2167275678030962 0.74362837217113076 1980.2491276837097 0.99972774886306648 0.35288374782836995 6.7824719291839095 0.3154288283603941 74.456648386752335 0.38120729321701363 1.0363126465650039 6.8187813042269978 0.06476718542876897 2.4035493350131909 0.1147514789063324 0.10316419941540346 0.54568053295541752 0.38378666597691269 0.28288087746629981 15.695020447341484 1.7251218562191106 0.015674627287399073 0.27079615890076653 0.25579534014780686 0.25612880294988483 0.080397614934678063 0.2559621219016408 0.10471664031273331 0.032666805240762375 0.04107281167645066 0.5001912824646213 0.25085892107764918 0.31060483055311655 0.078553698141708983 0.061552653188151472 0.09577444634525635 0.017413428933114775 0.055424892121631417 0.03329031108271898 0.12954659007681449 0.40463684014593743 0.17259877915388866 0.33390681926511517 0.33800333555346168 3.9341929841881025 0.0083687726774928084 0.44166500201866038 0.096114847440179341 0.37232831004969497 0.32696708223141957 0.22538808978684169 0.19408145151440293 0.3732434226946128 1.0199451999315821 0.1846290351915777 404.91372974930641 74.353310512466919 0.044166278643670329 0.15404735263800173 0.91959341834329089 0.1587111603424656 0.062589059311095402 6.4537599987418917 1.0193524046749023 0.11226110924711455 0.46018893758502966 1.1107355117744226 5961.1711207779381 0.051188535293593782 9.4431616495801549 0.13673569529957269 0.2066553117134487 0.16197269107102258 0.068779316646165392 0.23491008074216865 0.34675503006011438 0.074882126961416606 0.023560969980770504 0.11625697524877938 0.92688112306981374 0.044136120892310109 0.055266560256896156 0.080223477231333148 0.16243700368104402 0.59505427357149865 0.0071232131159053337 0.068072404524387314 0.077381366334095356 0.35621832775114431 0.054570472602730923 0.029576966889723513 0.087904005987508804 0.23014290251920413 0.033864542042009435 0.16479879537714137 0.053700911602490499 0.032886071317358684 0.45763133452170401 0.15760744909001517 0.26686698449782525 0.049043300078576872 