# Created by Octave 4.4.0, Wed Mar 27 21:22:58 2019 CET <lukas@eduroam-hg-dock-1-179.ethz.ch>
# name: results_summary
# type: matrix
# rows: 4
# columns: 750
 100 100 100 100 100 100 100 100 100 100 100 100 100 100 100 100 100 100 100 100 100 100 100 100 100 100 100 100 100 100 100 100 100 100 100 100 100 100 100 100 100 100 100 100 100 100 100 100 100 100 200 200 200 200 200 200 200 200 200 200 200 200 200 200 200 200 200 200 200 200 200 200 200 200 200 200 200 200 200 200 200 200 200 200 200 200 200 200 200 200 200 200 200 200 200 200 200 200 200 200 300 300 300 300 300 300 300 300 300 300 300 300 300 300 300 300 300 300 300 300 300 300 300 300 300 300 300 300 300 300 300 300 300 300 300 300 300 300 300 300 300 300 300 300 300 300 300 300 300 300 400 400 400 400 400 400 400 400 400 400 400 400 400 400 400 400 400 400 400 400 400 400 400 400 400 400 400 400 400 400 400 400 400 400 400 400 400 400 400 400 400 400 400 400 400 400 400 400 400 400 500 500 500 500 500 500 500 500 500 500 500 500 500 500 500 500 500 500 500 500 500 500 500 500 500 500 500 500 500 500 500 500 500 500 500 500 500 500 500 500 500 500 500 500 500 500 500 500 500 500 600 600 600 600 600 600 600 600 600 600 600 600 600 600 600 600 600 600 600 600 600 600 600 600 600 600 600 600 600 600 600 600 600 600 600 600 600 600 600 600 600 600 600 600 600 600 600 600 600 600 700 700 700 700 700 700 700 700 700 700 700 700 700 700 700 700 700 700 700 700 700 700 700 700 700 700 700 700 700 700 700 700 700 700 700 700 700 700 700 700 700 700 700 700 700 700 700 700 700 700 800 800 800 800 800 800 800 800 800 800 800 800 800 800 800 800 800 800 800 800 800 800 800 800 800 800 800 800 800 800 800 800 800 800 800 800 800 800 800 800 800 800 800 800 800 800 800 800 800 800 900 900 900 900 900 900 900 900 900 900 900 900 900 900 900 900 900 900 900 900 900 900 900 900 900 900 900 900 900 900 900 900 900 900 900 900 900 900 900 900 900 900 900 900 900 900 900 900 900 900 1000 1000 1000 1000 1000 1000 1000 1000 1000 1000 1000 1000 1000 1000 1000 1000 1000 1000 1000 1000 1000 1000 1000 1000 1000 1000 1000 1000 1000 1000 1000 1000 1000 1000 1000 1000 1000 1000 1000 1000 1000 1000 1000 1000 1000 1000 1000 1000 1000 1000 1100 1100 1100 1100 1100 1100 1100 1100 1100 1100 1100 1100 1100 1100 1100 1100 1100 1100 1100 1100 1100 1100 1100 1100 1100 1100 1100 1100 1100 1100 1100 1100 1100 1100 1100 1100 1100 1100 1100 1100 1100 1100 1100 1100 1100 1100 1100 1100 1100 1100 1200 1200 1200 1200 1200 1200 1200 1200 1200 1200 1200 1200 1200 1200 1200 1200 1200 1200 1200 1200 1200 1200 1200 1200 1200 1200 1200 1200 1200 1200 1200 1200 1200 1200 1200 1200 1200 1200 1200 1200 1200 1200 1200 1200 1200 1200 1200 1200 1200 1200 1300 1300 1300 1300 1300 1300 1300 1300 1300 1300 1300 1300 1300 1300 1300 1300 1300 1300 1300 1300 1300 1300 1300 1300 1300 1300 1300 1300 1300 1300 1300 1300 1300 1300 1300 1300 1300 1300 1300 1300 1300 1300 1300 1300 1300 1300 1300 1300 1300 1300 1400 1400 1400 1400 1400 1400 1400 1400 1400 1400 1400 1400 1400 1400 1400 1400 1400 1400 1400 1400 1400 1400 1400 1400 1400 1400 1400 1400 1400 1400 1400 1400 1400 1400 1400 1400 1400 1400 1400 1400 1400 1400 1400 1400 1400 1400 1400 1400 1400 1400 1500 1500 1500 1500 1500 1500 1500 1500 1500 1500 1500 1500 1500 1500 1500 1500 1500 1500 1500 1500 1500 1500 1500 1500 1500 1500 1500 1500 1500 1500 1500 1500 1500 1500 1500 1500 1500 1500 1500 1500 1500 1500 1500 1500 1500 1500 1500 1500 1500 1500
 2.078242847534379 0.89018848257370731 0.40012918905927131 0.72143106332566587 113.36165395642216 197.92848024780082 0.71923543278244384 435985.33733802463 216.95850337067017 0.44516011018441409 0.7771128535312064 0.84303009608133417 69.132283593727479 0.62888069057248741 0.49234027721827223 0.86383861672805584 0.83063565422600794 0.34852230833253317 128.71349711885213 0.67265641254575881 0.70002827892133923 0.57217038774288242 0.31326830694561392 0.78941680643876533 0.43001907620544566 0.52697520839176826 0.84386780714184617 0.83174054570238576 86.931736570534653 0.72361037838643638 0.60401963292114591 0.67773617578614753 0.58815761888188212 0.61868301621975441 0.68727342172645345 0.67902271400394409 0.80327809506330516 0.78593734759695888 0.69667276852751647 37.325695564452019 2.8185158788423874 0.76072914087723986 5.6262970832289971 0.78859996680680844 0.68913716651597656 1.0868155445338583 9.3159045999777224 176.55820750207238 46.236173544310191 0.16784977552967811 0.099831846441628347 1.1946132781810326 0.18295704137882957 0.84627054807829027 31.544061972033433 0.49883164227421462 0.88283063514069615 0.15377824589827968 0.098662568726469585 0.65373380882127041 5.0354301272506037 1.0234554441595369 0.48191253024977182 0.40999149927483597 2.3979735814251972 0.58463831336361505 0.35461391962787636 0.30092654291744991 20.058049913530304 17.658093767879361 0.12030753650371478 1.6696101310436848 0.11526324983462524 0.062471034159974445 99.005141718886662 0.084621462492845217 0.87274471344225735 1.2824993732198273 0.31383140417597977 0.32464975129030932 91.802534465494674 9.8353911419450881 1.1451532793511932 1.6931559528223472 4104.2378193846216 0.090385470572506912 2.1985719730992419 0.017052545003258777 0.13974623041862616 0.57493640759846032 5.5268744133117425 1.1231909194533376 7.2466553298101077 0.11070051426590524 6.5331980288446116 14.552817075295971 45.602558708857508 292.46881763817663 1.4818974127156981 13.952174652747312 0.11290146136196115 0.09056346583455778 0.83369032870521309 0.17382444637489772 13.392465712769194 0.086551153265800859 0.16184828807060103 0.054250123096414679 0.018562298056050166 0.37928589836531829 0.024222341204273575 0.12070354873860949 0.072917852379113884 1.1946045908248188 0.24628614785296635 0.13782823846830236 0.0746313337940986 0.36765336954077632 0.27049525710438105 0.16192953016577258 0.16933919959475935 0.184076051102606 1.9527566719415514 0.13820776687098599 0.19987047285797332 0.088060376186992348 0.19111198327381596 0.091821022981176267 0.12978115268842261 0.51537473412946633 0.10651557826037768 0.1300498117836878 0.88370437031855231 0.029394912861745105 0.025002076010490915 0.17521647114176128 0.066942129741587975 0.16503892664428421 0.59378824684868459 0.043298098466949292 0.051253143008172387 0.11035053610258252 0.28093484771876276 0.089988582385756757 0.094488349665601809 0.13845576046715535 0.088831469958931875 0.23508628879590207 0.10643376761554288 0.11117958585872791 0.077215060206161132 0.15588529604788121 0.024048988622994066 0.098499089436566142 0.038905626558400568 0.10632440945255893 0.029584227922022845 0.097825961988097218 0.054530619551794481 0.01672312956472587 0.12909241294620105 0.085048565900420203 0.018528565163336629 0.1080262055920949 0.12057532922012547 0.18568141423294782 0.052948386427154756 0.030894801593545754 0.10554521475693243 0.17695188509809412 0.11352552585518592 0.069820699398356195 0.056640013016146171 0.027134567019776259 0.083891964105647102 0.28880424218021522 0.083597618051354766 0.05130141481285351 0.045598416300423709 0.15353314297630039 0.13493456805877491 0.11945691142079982 0.23310287969066176 0.20393243687864057 0.040229152036565081 0.044216275394191311 0.071196197507208681 0.093774316371971395 0.1231885331956782 0.19778462398827582 0.12199467503249173 0.098761336850994794 0.07298089974198356 0.22664094752581709 0.19466838339222167 0.40460829023049572 0.3053441773072037 0.099469656385549096 0.053369593597916466 0.07607808990736345 0.033442368105622351 0.19422311793922814 0.02111397898853079 0.14293293784025762 0.012900148237758447 0.14551849565444336 0.21748291283037818 0.046741706275651905 0.089250688196977929 0.1134207239485695 0.11723717627260244 0.28375402537486266 0.084285693524127403 0.080118895406349394 0.33149173341894528 0.11259802054675516 0.19859464312378369 0.033691030112063251 0.17027764617407587 0.1101618910183851 0.06092512686550753 0.10570103741265868 0.06065241844419262 0.065520402056955612 0.016043533744432507 0.015283608861602649 